#test1
[DEBUG]:Total 13 EPE violations: 0 inner and 13 outer
826 652 , 768 732 , 796 732 , 826 884 , 816 1182 , 826 1212 , 972 596 , 1256 900 , 1192 1254 , 972 1220 , 1152 1220 , 1044 1052 , 1140 1064 ,

#test2
[DEBUG]:Total 14 EPE violations: 4 inner and 10 outer
624 808 , 1276 596 , 1560 636 , 1560 688 , 1528 808 , 1560 848 , 1560 900 , 900 720 , 900 816 , 1072 732 , 1080 732 , 1072 804 , 1080 804 , 1252 720 ,

#test3
[DEBUG]:Total 65 EPE violations: 10 inner and 55 outer
732 792 , 1060 832 , 1060 792 , 1026 872 , 992 704 , 966 664 , 940 704 , 940 716 , 892 756 , 900 756 , 852 704 , 826 664 , 800 704 , 800 832 , 800 792 , 766 872 , 732 1132 , 860 856 , 860 896 , 896 816 , 932 856 , 932 896 , 972 1052 , 1020 1052 , 1060 1092 , 1060 1132 , 992 1216 , 952 1108 , 800 1216 , 680 808 , 592 1092 , 592 1116 , 632 1052 , 640 1052 , 680 1116 , 704 932 , 760 932 , 800 962 , 852 1208 , 852 1232 , 892 1168 , 900 1168 , 940 1208 , 940 1232 , 1036 932 , 1128 962 , 1088 992 , 1112 808 , 1112 832 , 1200 808 , 1200 832 , 1112 1092 , 1112 1116 , 1200 1092 , 1200 1116 , 1152 1156 , 1160 1156 , 1184 962 , 1280 932 , 1280 992 , 1252 832 , 1252 792 , 1320 792 , 1252 1092 , 1252 1132 ,

#test4
[DEBUG]:Total 5 EPE violations: 0 inner and 5 outer
832 912 , 1180 912 , 974 912 , 974 952 , 1038 672 ,

#test5
[DEBUG]:Total 10 EPE violations: 8 inner and 2 outer
921 997 , 1239 1038 , 1569 640 , 1609 680 , 1609 686 , 1569 726 , 1569 1166 , 1609 1206 , 1609 1212 , 1569 1252 ,

#test6
[DEBUG]:Total 13 EPE violations: 12 inner and 1 outer
956 1553 , 1037 1553 , 996 1593 , 997 1593 , 1569 894 , 1609 934 , 1609 940 , 1569 980 , 1569 1421 , 1609 1461 , 1609 1467 , 1569 1507 , 680 1421 ,

#test7
[DEBUG]:Total 9 EPE violations: 7 inner and 2 outer
640 1618 , 640 1578 , 640 1538 , 721 1618 , 721 1578 , 680 1658 , 681 1658 , 1018 856 , 1019 856 ,

#test8
[DEBUG]:Total 1 EPE violations: 0 inner and 1 outer
971 1008 ,

#test9
[DEBUG]:Total 15 EPE violations: 8 inner and 7 outer
1030 1181 , 1110 1195 , 826 640 , 1569 747 , 1609 787 , 1609 793 , 1569 833 , 680 1273 , 995 1438 , 1142 1438 , 1569 1273 , 1609 1313 , 1609 1319 , 1569 1359 , 1091 849 ,

#test10

